#    pigs shape        min bud sl ch qu  p_win  crit dcp    paths  diff  bbox
------------------------------------------------------------------------------
L001    2 rect-2x2       2   5  3  1  1 100.00    0   0        2  5.32  2x6
L002    2 notch-3x2      2   5  3  2  1  50.00    1   0        1  8.00  5x4
L003    3 rect-2x3       3   6  3  1  1 100.00    0   0        6  6.35  6x3
L004    3 L-2x3          3   6  3  1  1 100.00    0   0        6  6.35  4x3
L005    3 notch-4x2      3   6  3  2  2 100.00    0   0        3  7.50  8x2
L006    3 rect-3x2       3   6  3  1  1 100.00    0   0        6  6.35  3x6
L007    3 T-4x2          3   6  3  2  2 100.00    0   0        3  7.50  8x2
L008    3 notch-4x2      3   6  3  2  1  50.00    1   1        3  9.35  6x6
L009    4 rect-4x2       4   7  3  1  1 100.00    0   0       24  7.20  4x6
L010    4 rect-2x4       4   7  3  1  1 100.00    0   0       24  7.20  4x4
L011    4 T-4x3          4   7  3  2  2 100.00    0   0       12  8.39  9x3
L012    4 L-2x4          4   7  3  2  2 100.00    0   0        6  8.65  2x8
L013    4 notch-5x2      4   7  3  2  1  50.00    1   2       12 10.49  7x6
L014    4 L-3x3          4   7  3  2  1  25.00    3   2        6 12.50  6x5
L015    4 notch-5x2      4   7  3  2  1  50.00    1   2       12 10.49  7x6
L016    4 T-6x2          4   6  2  3  2  16.67    2   3        3 13.65  10x6
L017    5 rect-5x2       5   7  2  1  1 100.00    0   0      120  7.92  5x6
L018    5 rect-2x5       5   7  2  1  1 100.00    0   0      120  7.92  6x5
L019    5 L-2x5          5   7  2  2  1  20.00    1   3       24 12.75  4x9
L020    5 T-4x4          5   7  2  2  2  33.33    1   4       20 13.08  8x6
L021    5 notch-4x3      5   7  2  3  2  17.36    2   2        8 14.42  8x5
L022    5 T-4x3          5   7  2  3  1   6.67    2   4        8 14.85  8x5
L023    5 notch-6x2      5   7  2  3  2   8.33    2   4        8 15.20  10x4
L024    5 L-4x3          5   7  2  3  1   8.33    3   4       10 15.21  6x7
L025    5 U-4x3          5   7  2  3  2  11.46    3   4        8 15.60  10x7
L026    5 T-6x3          5   7  2  3  2   5.21    3   4        5 15.97  10x5
L027    5 notch-3x4      5   7  2  4  1   1.67    3   4        2 16.47  7x6
L028    5 L-3x4          5   7  2  4  1   1.67    4   4        2 16.97  6x8
L029    6 plus-4x4       6   8  2  2  2 100.00    0   0      180 10.04  4x9
L030    6 rect-6x2       6   8  2  2  1  33.33    1   4      240 13.02  8x6
L031    6 rect-2x6       6   8  2  2  1  33.33    1   5      240 13.27  6x8
L032    6 rect-6x2       6   8  2  2  1  33.33    1   4      240 13.02  8x6
L033    6 U-4x4          6   7  1  2  2  28.82    2   5       61 14.89  8x8
L034    6 rect-3x4       6   8  2  3  2  15.00    2   5       32 16.08  5x8
L035    6 L-2x6          6   7  1  3  1   5.56    3   4       40 16.12  6x10
L036    6 rect-4x3       6   8  2  3  2   7.85    2   5       23 16.43  10x5
L037    6 stairs-4x4     6   7  1  3  2   6.94    3   5       36 16.77  6x8
L038    6 L-3x5          6   8  2  3  2   4.50    3   5       24 17.02  7x11
L039    6 T-5x3          6   7  1  3  2   3.12    3   5       12 17.34  10x5
L040    6 T-6x4          6   8  2  4  2   2.00    3   5       12 17.88  10x8
L041    6 T-4x4          6   7  1  4  2   2.50    3   5        8 18.02  8x10
L042    6 L-5x3          6   7  1  4  1   0.97    4   5        7 18.22  9x7
L043    6 rect-2x6       6   8  2  4  2   1.85    4   5        4 18.80  4x10
L044    6 L-4x3          6   8  2  5  2   1.67    4   5        2 19.52  10x5
L045    7 L-5x4          7   8  1  3  2  18.49    0   0       96 14.66  9x8
L046    7 L-2x7          7   8  1  3  2  33.33    1   5      252 15.55  6x11
L047    7 L-4x4          7   8  1  2  2  25.00    3   6      378 16.45  6x10
L048    7 notch-4x4      7   8  1  2  2  25.00    3   6      378 16.45  10x6
L049    7 T-4x5          7   8  1  2  1   5.16    3   5      260 16.48  7x9
L050    7 notch-4x4      7   8  1  3  2  15.00    2   6      224 16.90  5x8
L051    7 U-5x3          7   8  1  3  1   1.75    3   6       88 17.80  7x7
L052    7 L-3x5          7   8  1  3  2   5.47    3   6       60 18.25  5x9
L053    7 T-5x4          7   8  1  3  2   1.60    3   6       48 18.46  9x6
L054    7 U-4x4          7   8  1  4  2   4.47    2   6       30 18.57  8x6
L055    7 T-4x4          7   8  1  4  2   1.67    3   6       48 18.96  10x7
L056    7 L-4x5          7   8  1  4  1   0.89    4   6       45 19.11  8x9
L057    7 T-6x3          7   8  1  3  1   0.28    4   6       12 19.18  8x7
L058    7 T-4x5          7   8  1  4  2   3.12    4   6       63 19.30  9x7
L059    7 L-4x4          7   8  1  4  1   0.71    5   6       36 19.71  8x8
L060    7 L-5x3          7   8  1  5  1   0.63    4   6       32 19.76  7x7
L061    7 L-2x7          7   8  1  4  2   0.69    5   6       12 20.57  6x11
L062    7 U-5x4          7   8  1  5  2   1.56    4   6       10 20.61  9x10
L063    8 L-4x5          8   9  1  2  2 100.00    0   0     5040 12.60  10x5
L064    8 U-6x4          8   9  1  2  2 100.00    0   0    10080 12.60  6x8
L065    8 T-5x5          8   9  1  2  1  16.67    2   7      448 17.45  8x9
L066    8 stairs-5x4     8   9  1  2  2  24.03    3   7      372 18.13  9x8
L067    8 L-5x5          8   9  1  3  1  10.00    2   7     2264 18.15  7x9
L068    8 U-6x3          8   9  1  2  1   8.33    4   6     3360 18.45  10x5
L069    8 rect-4x4       8   9  1  3  2  10.51    2   7      320 18.53  8x6
L070    8 T-6x4          8   9  1  2  1   3.49    3   8      580 18.60  8x6
L071    8 rect-4x4       8   9  1  3  2   6.67    2   7     1120 18.65  6x8
L072    8 stairs-5x4     8   9  1  3  2   5.22    2   8      590 18.94  7x8
L073    8 rect-4x4       8   9  1  3  2   5.38    3   7      792 19.19  8x8
L074    8 L-5x5          8   9  1  4  1   1.39    4   7      560 19.91  9x7
L075    8 T-6x4          8   9  1  4  2   3.19    4   7      248 20.36  10x6
L076    8 T-4x5          8   9  1  5  2   0.94    3   7       92 20.85  8x11
L077    8 notch-3x6      8   9  1  5  2   0.50    4   7      120 21.25  7x10
L078    8 L-4x4          8   9  1  4  2   0.20    5   7       66 21.52  10x6
L079    8 U-6x3          8   9  1  5  2   0.20    6   7       44 22.69  10x7
L080    8 notch-6x3      8   9  1  7  2   0.02    7   7        4 25.15  10x7
L081    9 T-6x5          9  10  1  4  2   3.33    2   7     1620 20.65  8x11
L082    9 U-5x4          9   9  0  4  1   0.60    4   8     2160 21.58  9x8
L083    9 notch-4x5      9  10  1  4  2   0.54    5   8     1160 22.48  10x11
L084    9 T-4x6          9   9  0  5  2   0.06    4   8      144 22.84  10x10
L085    9 rect-3x6       9  10  1  6  2   0.32    4   8      262 23.07  7x10
L086    9 stairs-5x6     9  10  1  6  2   0.19    5   8      145 23.83  9x10
L087    9 L-5x4          9   9  0  6  2   0.14    5   8      128 23.89  9x10
L088    9 notch-5x4      9  10  1  6  2   0.04    5   8       47 24.32  9x10
L089    9 rect-6x3       9   9  0  6  2   0.12    7   8      127 24.89  10x7
L090    9 L-4x6          9   9  0  6  2   0.01    7   8       18 25.72  10x8
L091   10 L-5x4         10  10  0  3  2   4.92    3   9    11760 22.50  9x10
L092   10 plus-6x6      10  10  0  3  2   2.98    3   9    19600 22.56  10x10
L093   10 T-6x4         10  10  0  3  2   4.18    4   9    43428 23.02  8x9
L094   10 L-4x5         10  10  0  4  2   1.07    3   9     1350 23.12  10x7
L095   10 plus-6x6      10  10  0  3  2   0.38    5   9     6808 23.64  10x10
L096   10 rect-5x4      10  10  0  5  2   0.12    4   9      368 24.15  9x8
L097   10 rect-4x5      10  10  0  5  2   0.31    5   9     4950 24.64  10x7
L098   10 U-6x4         10  10  0  5  2   0.34    6   9      890 25.14  10x10
L099   10 T-6x4         10  10  0  5  2   0.04    6   9      432 25.15  10x8
L100   10 L-4x5         10  10  0  5  2   0.03    7   9      176 25.90  8x11
